#@ ID : 0 # Column of the identification number, -1 stands for undefined
#@ RA : 1 # Column of the right ascensions in degrees
#@ DEC : 2 # Column of the declination ascensions in degrees
#@ Xpix : 3 # Column of the sky position in the maps fits file in pixels
#@ Ypix : 4 # Column of the sky position in the maps fits file in pixels
#@ SUB_i_greta : 5 # Column of the unit of measure of the auxiliary property
#@ FIELD_PROB : 6 # Column of the probability to belong to the field
#@ ASSOC_NUMBER : 7 # Column of the number of associated detections
#@ ASSOC_ID : 8 # Column of the association id
#@ ASSOC_PROB : 9 # Column of the association probability
6062500075	65.687977	-33.917816	439.7858	392.16345	18.559708	0	1	1966	0.13523661
6062500086	65.746458	-34.124251	449.11602	350.79275	15.341466	0	1	1966	0.034995556
6062500105	65.703733	-33.855155	442.50933	404.67283	14.996095	0	1	1966	0.0066285199
6062500139	65.70107	-34.08515	441.66937	358.67941	19.353403	0	1	1966	0.31999928
6062500183	65.629718	-34.01047	429.96962	373.71282	20.236987	0	1	1966	0.12405159
6062500194	65.847307	-33.902666	466.25917	394.94738	15.037053	0	1	1966	0.045640156
6062500196	65.650935	-33.993216	433.51519	377.13532	19.486276	0	1	1966	0.045737647
6062500206	65.90368	-33.898619	475.62518	395.65977	19.769	0	1	1966	0.13041231
6062500224	65.84979	-34.171721	466.12746	341.13504	20.070158	0	1	1966	0.070116155
6062500227	65.753379	-33.920773	450.63467	391.47624	17.185317	0	1	1966	0.26743975
6062500363	65.673235	-34.021637	437.16525	371.42075	21.926256	0	1	1966	0.079581477
6062500416	65.746283	-34.139712	449.05906	347.701	23.143236	0	1	1966	0.028143024
6062500423	65.921855	-34.191008	478.0098	337.15303	22.256489	0	1	1966	0.010279154
6062500467	65.9243	-34.176471	478.44583	340.05599	21.981512	0	1	1966	0.035223376
6062500492	65.686465	-34.153451	439.13412	345.04045	23.868951	0	1	1966	0.014190831
6062500516	65.923957	-34.069195	478.62149	361.51052	23.02141	0	1	1966	0.073595345
6062500551	65.874248	-34.13224	470.25609	348.98944	22.136386	0	1	1966	0.061826337
6062500603	65.592946	-33.983458	423.91435	379.16251	21.890956	0	1	1966	0.011651543
6062500722	65.779539	-34.16505	454.51611	342.58265	18.662997	0	1	1966	0.25257075
6062500849	65.752506	-34.066307	450.2235	362.37191	23.361252	0	1	1966	0.11598557
6062500902	65.859534	-34.018033	468.05333	371.85458	22.97831	0	1	1966	0.38082975
6062500919	65.745947	-33.932796	449.37952	389.08287	22.866998	0	1	1966	0.092217788
6062500957	65.785559	-34.067125	455.69789	362.15736	24.101306	0	1	1966	0.027285889
6062501109	65.876175	-34.081887	470.67953	359.05624	22.293744	0	1	1966	0.20022231
6062501127	65.836397	-34.195715	463.8636	336.35871	20.195604	0	1	1966	0.096627802
6062501166	65.954097	-34.108514	483.52709	353.59232	23.234229	0	1	1966	0.035914417
6062501340	65.699944	-33.942872	441.72863	387.13547	24.779191	0	1	1966	0.011017306
6062501396	65.71456	-33.968701	444.1082	381.94873	19.732847	0	1	1966	0.43538049
6062501446	65.742479	-34.122114	448.46122	351.22623	23.271466	0	1	1966	0.031399619
6062501513	65.766156	-34.005939	452.59691	374.42423	24.726624	0	1	1966	0.15419173
6062501514	65.667499	-34.062026	436.14721	363.35108	23.233497	0	1	1966	0.024162581
6062501544	65.703999	-34.081899	442.16016	359.3254	24.726235	0	1	1966	0.03197515
6062501566	65.640796	-34.062803	431.72173	363.232	23.796274	0	1	1966	0.011336592
6062501629	65.705532	-34.051519	442.4669	365.39881	22.0884	0	1	1966	0.10216096
6062501653	65.789276	-34.033943	456.3767	368.78752	22.091317	0	1	1966	0.55433536
6062501701	65.827114	-34.068059	462.58031	361.90387	24.370222	0	1	1966	0.1768235
6062501782	65.717621	-33.853889	444.81814	404.90584	23.638433	0	1	1966	0.017550522
6062501818	65.691617	-34.142947	440.00475	347.13381	24.852769	0	1	1966	0.017317843
6062501857	65.709597	-34.022028	443.19193	371.29092	20.935537	0	1	1966	0.273321
6062501860	65.845763	-34.149434	465.50605	345.59882	20.971086	0	1	1966	0.12476783
6062501873	65.733856	-34.186149	446.91874	338.43252	22.132718	0	1	1966	0.034912962
6062501896	65.845636	-34.025483	465.73454	370.3881	23.857175	0	1	1966	0.37842992
6062501973	65.816489	-34.2029	460.55633	334.95428	20.451101	0	1	1966	0.08351437
6062502109	65.731137	-33.910343	446.96212	393.59556	22.413496	0	1	1966	0.071220949
6062502147	65.891443	-34.152334	473.0603	344.94121	20.150926	0	1	1966	0.16047063
6062502258	65.735473	-33.930029	447.64647	389.65199	19.945896	0	1	1966	0.31182083
6062502355	65.816505	-34.010024	460.93628	373.52757	17.037436	0	1	1966	0.9831028
6062502356	65.815567	-34.019899	460.76147	371.55433	16.348375	0	1	1966	0.95330471
6062502357	65.721487	-33.893429	445.39027	396.99251	21.399945	0	1	1966	0.087564588
6062502358	65.821002	-34.010905	461.68016	373.34405	17.159923	0	1	1966	0.98523903
6062502417	65.686236	-34.162711	439.0804	343.18879	16.077951	0	1	1966	0.10744366
6062502647	65.717904	-34.008359	444.59296	374.01257	21.837053	0	1	1966	0.24565426
6062502659	65.706824	-34.09681	442.60213	356.33911	23.006352	0	1	1966	0.05863345
6062502762	65.784446	-34.060532	455.52594	363.47756	24.022085	0	1	1966	0.11378071
6062502779	65.914557	-34.184274	476.81696	338.51293	23.510535	0	1	1966	0.0092744324
6062502807	65.949966	-34.122442	482.81217	350.81443	24.2508	0	1	1966	0.018533604
6062502831	65.797628	-33.946986	457.92779	386.16491	24.120934	0	1	1966	0.13459121
6062502874	65.590032	-33.967387	423.45535	382.38021	23.419257	0	1	1966	0.0075035193
6062503008	65.732948	-33.953265	447.18583	385.00885	22.191863	0	1	1966	0.17329459
6062503168	65.832014	-34.093916	463.34075	356.72472	21.939753	0	1	1966	0.23794729
6062503171	65.664358	-34.122514	435.52667	351.25823	24.144257	0	1	1966	0.020989634
6062503309	65.693233	-33.919141	440.65585	391.89109	22.757812	0	1	1966	0.046704229
6062503409	65.697622	-34.046796	441.16433	366.35482	21.874699	0	1	1966	0.16226761
6062503426	65.642186	-34.050563	431.97191	365.67794	24.027416	0	1	1966	0.026515763
6062503472	65.894506	-34.067788	473.74552	361.84401	22.750429	0	1	1966	0.10077732
6062503479	65.751574	-34.073715	450.05555	360.89189	24.166736	0	1	1966	0.013371901
6062503537	65.93187	-34.132246	479.79478	348.88683	24.212842	0	1	1966	0.0081504975
6062503650	65.760642	-34.027671	451.64265	370.08641	24.100389	0	1	1966	0.18204188
6062503662	65.766517	-34.188452	452.31773	337.92261	21.910385	0	1	1966	0.044798538
6062503679	65.681521	-34.109963	438.38939	353.74461	24.15544	0	1	1966	0.026757235
6062503684	65.740025	-33.920237	448.41941	391.60359	24.565988	0	1	1966	0.055378307
6062503691	65.893964	-34.184081	473.41065	338.58763	23.80196	0	1	1966	0.0097027058
6062503709	65.612938	-33.911149	427.34226	393.59845	24.910935	0	1	1966	0.006344744
6062503756	65.631841	-33.90501	430.48948	394.80152	21.262684	0	1	1966	0.036512803
6062503777	65.603854	-33.962431	425.75565	383.35395	23.136925	0	1	1966	0.019723698
6062503821	65.705724	-33.945008	442.68383	386.70002	21.461714	0	1	1966	0.087338001
6062503925	65.898244	-34.189464	474.10734	337.50374	24.26121	0	1	1966	0.013091033
6062503966	65.696837	-34.030399	441.06236	369.63509	24.034576	0	1	1966	0.057342343
6062503987	65.736745	-34.136055	447.48685	348.4466	23.492979	0	1	1966	0.020183982
6062504000	65.898195	-34.190769	474.09646	337.24287	22.05857	0	1	1966	0.017555065
6062504046	65.6091	-34.094139	426.42177	357.00652	24.628267	0	1	1966	0.011030488
6062504266	65.619113	-33.94745	428.31029	386.33041	23.577842	0	1	1966	0.018933911
6062504407	65.724768	-34.099581	445.56888	355.75883	22.488986	0	1	1966	0.082415767
6062504411	65.790093	-34.064034	456.45487	362.76838	24.255884	0	1	1966	0.16783968
6062504449	65.805886	-34.071532	459.05692	361.2438	23.697825	0	1	1966	0.1277516
6062504532	65.803771	-34.064945	458.71919	362.56452	23.231834	0	1	1966	0.22283806
6062504780	65.950702	-34.169286	482.83008	341.44502	22.73307	0	1	1966	0.019930944
6062504866	65.768096	-33.974727	452.97667	380.6634	24.47545	0	1	1966	0.17162
6062504922	65.885954	-34.146671	472.16371	346.08326	21.774026	0	1	1966	0.074501634
6062504938	65.622722	-33.948695	428.90712	386.07681	22.667099	0	1	1966	0.031762969
6062505084	65.649812	-34.128823	433.10797	350.01622	22.533118	0	1	1966	0.01347028
6062505085	65.713663	-33.949304	443.99344	385.82937	20.874511	0	1	1966	0.17875552
6062505101	65.922213	-34.094892	478.27708	356.3746	20.584928	0	1	1966	0.089074828
6062505123	65.807067	-34.186674	459.0294	338.2145	20.13976	0	1	1966	0.10394063
6062505328	65.593356	-33.96673	424.00775	382.50748	19.719809	0	1	1966	0.075175121
6062505421	65.591182	-33.984249	423.62064	379.00643	21.011347	0	1	1966	0.035618674
6062505500	65.612449	-33.998485	427.12525	376.13226	22.88925	0	1	1966	0.028297372
6062505705	65.618873	-33.992732	428.19945	377.27469	20.466325	0	1	1966	0.13399172
6062505777	65.706488	-34.04252	442.64099	367.19717	20.29452	0	1	1966	0.33429742
6062505805	65.631899	-34.048176	430.27108	366.16916	19.882969	0	1	1966	0.17342114
6062505809	65.902287	-34.196123	474.76199	336.16482	21.989902	0	1	1966	0.028244564
6062505840	65.719151	-33.988479	444.83484	377.98653	19.407936	0	1	1966	0.29776123
6062505841	65.74509	-33.991833	449.12997	377.27729	21.172114	0	1	1966	0.25404891
6062505842	65.715498	-33.974638	444.25339	380.75997	23.373534	0	1	1966	0.084999748
6062505883	65.735962	-33.889088	447.80117	397.83915	20.703593	0	1	1966	0.080797002
6062505884	65.775378	-33.993606	454.149	376.87633	21.424763	0	1	1966	0.56968784
6062505904	65.754582	-34.085411	450.53228	358.54819	24.863815	0	1	1966	0.02542193
6062505952	65.846845	-34.056348	465.87267	364.21343	24.121604	0	1	1966	0.15302648
6062506002	65.742138	-33.992708	448.63901	377.10687	24.928555	0	1	1966	0.093105838
6062506262	65.688175	-34.050236	439.59289	365.68023	23.838387	0	1	1966	0.015058659
6062506384	65.678749	-33.895172	438.29238	396.7052	22.691816	0	1	1966	0.034651514
6062506418	65.648426	-34.010548	433.07082	373.67232	22.078525	0	1	1966	0.074707657
6062506615	65.97936	-34.153059	487.60894	344.63675	23.582628	0	1	1966	0.013341498
6062506621	65.842194	-34.015124	465.18481	372.46545	24.186819	0	1	1966	0.15846258
6062506719	65.910496	-34.143531	476.23242	346.66823	22.906616	0	1	1966	0.033402145
6062506855	65.75903	-33.993902	451.43781	376.84234	24.350066	0	1	1966	0.12478151
6062506962	65.608916	-33.960052	426.59893	383.82325	23.712532	0	1	1966	0.0099391751
6062507018	65.705612	-34.054607	442.47467	364.78119	23.418307	0	1	1966	0.063763849
6062507034	65.675121	-34.008617	437.49971	374.02207	24.450536	0	1	1966	0.018163128
6062507052	65.830711	-34.042575	463.22688	366.99458	24.440652	0	1	1966	0.010291286
6062507130	65.753489	-33.91531	450.66297	392.56857	24.705206	0	1	1966	0.012991194
6062507188	65.716045	-34.075006	444.16761	360.68652	23.683374	0	1	1966	0.06608887
6062507233	65.800551	-34.148826	458.02427	345.79414	24.296582	0	1	1966	0.016518168
6062507239	65.788909	-34.113515	456.16452	352.8745	22.285176	0	1	1966	0.14656524
6062507485	65.855215	-34.055888	467.26053	364.29124	24.945575	0	1	1966	0.0073952908
6062507502	65.638957	-34.026609	431.47525	370.47293	24.556493	0	1	1966	0.017995173
6062507536	65.763911	-33.982073	452.26896	379.2007	24.538883	0	1	1966	0.010891478
6062507585	65.761538	-33.915103	451.99915	392.59766	21.486436	0	1	1966	0.16635099
6062507667	65.757146	-34.029431	451.06006	369.73969	23.385486	0	1	1966	0.20854333
6062507911	65.669287	-33.877711	436.75074	400.2103	23.882094	0	1	1966	0.0064980518
6062508115	65.819647	-34.1135	461.25424	352.82837	23.502416	0	1	1966	0.032038286
6062508280	65.896006	-34.037324	474.05843	367.93395	24.274539	0	1	1966	0.052353591
6062508350	65.680406	-33.888054	438.57942	398.12639	23.447657	0	1	1966	0.0088656927
6062508401	65.616698	-33.905392	427.97532	394.74498	24.905229	0	1	1966	0.0080499211
6062508458	65.655373	-34.114433	434.05229	352.88671	23.519945	0	1	1966	0.0088849543
6062508869	65.966256	-34.118121	485.5188	351.64859	23.344771	0	1	1966	0.014722496
6062508935	65.617816	-33.95653	428.08083	384.51612	23.19217	0	1	1966	0.022238046
6062508961	65.662777	-33.959848	435.53394	383.79261	22.442259	0	1	1966	0.041798338
6062508989	65.833686	-34.007729	463.7892	373.95856	24.437589	0	1	1966	0.4449009
6062509018	65.754003	-33.918266	450.7428	391.97673	24.439187	0	1	1966	0.048784446
6062509071	65.783097	-34.19223	455.05351	337.14137	22.912102	0	1	1966	0.016558381
6062509142	65.691652	-34.049488	440.17037	365.82483	24.295071	0	1	1966	0.051936947
6062509268	65.746605	-34.061977	449.25365	363.24679	23.27487	0	1	1966	0.054105274
6062509279	65.780125	-33.918445	455.07782	391.90057	24.341855	0	1	1966	0.077227883
6062509323	65.716239	-33.941379	444.43485	387.41046	24.754928	0	1	1966	0.041878164
6062509372	65.661743	-33.910793	435.44339	393.60468	23.65484	0	1	1966	0.012503976
6062509616	65.682376	-34.167971	438.43273	342.14213	22.961192	0	1	1966	0.015181931
6062509679	65.681734	-33.981596	438.64182	379.41672	24.084876	0	1	1966	0.019494433
6062509843	65.715743	-33.959498	444.32067	383.78759	22.725431	0	1	1966	0.036396381
6062509975	65.868921	-34.123125	469.39303	350.82136	21.546115	0	1	1966	0.0054382989
6062510002	65.767889	-33.984827	452.92358	378.64382	21.093372	0	1	1966	0.28290108
6062510088	65.922127	-34.056918	478.34494	363.96898	22.29606	0	1	1966	0.15012726
6062510112	65.859751	-34.095736	467.93072	356.31457	19.763719	0	1	1966	0.014624726
6062510113	65.865068	-34.147777	468.70451	345.89787	20.969057	0	1	1966	0.014844886
6062510157	65.94796	-34.091752	482.54798	356.9559	21.875546	0	1	1966	0.091947839
6062510454	65.988968	-34.13528	489.23972	348.17433	23.039643	0	1	1966	0.019645734
6062510500	65.648411	-34.106349	432.91266	354.51287	22.657757	0	1	1966	0.020219088
6062510993	65.701156	-34.111444	441.63807	353.42059	24.56339	0	1	1966	0.016451132
6062511089	65.735058	-33.953289	447.53581	385.00091	24.201795	0	1	1966	0.071615309
6062511154	65.638213	-33.93891	431.49279	388.01319	24.08629	0	1	1966	0.010548265
6062511163	65.766851	-33.997033	452.72879	376.20425	24.455105	0	1	1966	0.0059158388
6062511673	65.904407	-34.145343	475.22079	346.31658	23.539806	0	1	1966	0.013001813
6062512024	65.911098	-34.103353	476.41817	354.70232	24.513134	0	1	1966	0.013551543
6062512465	65.649996	-34.050931	433.26541	365.59401	23.857417	0	1	1966	0.03172655
6062512497	65.785904	-34.138859	455.61895	347.81067	24.322547	0	1	1966	0.015945196
6062512571	65.859919	-34.120055	467.90896	351.45059	24.078501	0	1	1966	0.039074961
6062512581	65.83833	-34.065792	464.44296	362.33881	23.177887	0	1	1966	0.0073960708
6062512853	65.678823	-33.985427	438.15247	378.65473	23.704837	0	1	1966	0.025381166
6062512976	65.747938	-34.030917	449.53111	369.45666	24.872936	0	1	1966	0.080309726
6062513105	65.692651	-33.887403	440.61349	398.23924	24.316144	0	1	1966	0.019663719
6062513306	65.946583	-34.124245	482.24812	350.46017	23.970547	0	1	1966	0.0051256367
6062513914	65.620497	-33.91775	428.58659	392.26838	22.786677	0	1	1966	0.016944701
6062514068	65.803114	-33.976625	458.78072	380.22878	24.18498	0	1	1966	0.031907044
6062514117	65.811951	-34.087126	460.03128	358.11537	22.374478	0	1	1966	0.16849414
6062514547	65.686285	-33.951943	439.44682	385.34078	23.4836	0	1	1966	0.045343798
6062514562	65.802014	-34.000325	458.55261	375.49059	23.424093	0	1	1966	0.14656638
6062514665	65.726881	-33.957853	446.17107	384.10019	23.701273	0	1	1966	0.018192029
6062514895	65.740948	-34.094288	448.25801	356.79349	23.833364	0	1	1966	0.02290279
6062515099	65.73192	-34.195775	446.58115	336.51032	21.862019	0	1	1966	0.019085176
6062515169	65.955754	-34.163854	483.67801	342.52191	23.240697	0	1	1966	0.0068509518
6062515202	65.929221	-34.165366	479.28412	342.26789	24.478098	0	1	1966	0.010629067
6062515236	65.687517	-34.121071	439.36338	351.51458	23.131262	0	1	1966	0.0060522668
6062515367	65.933173	-34.180544	479.9049	339.22539	24.992699	0	1	1966	0.0092076985
6062515602	65.731205	-34.113326	446.61034	353.00038	24.050628	0	1	1966	0.032803427
6062515641	65.915032	-34.05482	477.17382	364.40123	22.869314	0	1	1966	0.080432683
6062515681	65.842922	-33.999309	465.33724	375.62722	23.314014	0	1	1966	0.1011341
6062516109	65.727096	-33.965076	446.19402	382.65534	19.237044	0	1	1966	0.25589412
6062516350	65.770472	-34.14607	453.05108	346.39249	23.68228	0	1	1966	0.0069311899
6062516474	65.779034	-33.924527	454.88519	390.68593	21.514536	0	1	1966	0.010309414
6062516852	65.837939	-33.9675	464.57468	381.99694	21.985768	0	1	1966	0.4969832
6062516955	65.789207	-34.188714	456.07086	337.83499	22.186352	0	1	1966	0.012274235
6062517093	65.797698	-34.188104	457.47671	337.94348	20.28966	0	1	1966	0.080228381
6062517449	65.738221	-34.186473	447.64028	338.36119	21.368744	0	1	1966	0.017576044
6062517766	65.98178	-34.117467	488.09056	351.75018	22.278279	0	1	1966	0.016098997
6062517842	65.677891	-34.098807	437.80711	355.98075	20.726194	0	1	1966	0.017736483
6062518961	65.728196	-33.897486	446.49693	396.17125	23.349778	0	1	1966	0.02142046
6062519474	65.926141	-34.172912	478.75821	340.76446	24.32125	0	1	1966	0.0057619824
6062519484	65.647137	-34.044138	432.80275	366.9564	23.980923	0	1	1966	0.016053986
6062519978	65.737842	-34.049349	447.8245	365.7855	24.461138	0	1	1966	0.058640137
6062520164	65.643491	-34.071929	432.15357	361.40325	24.218191	0	1	1966	0.011665961
6062520313	65.785704	-33.987576	455.87261	378.06617	24.857755	0	1	1966	0.25637242
6062520806	65.662609	-33.999304	435.44075	375.90192	23.742986	0	1	1966	0.0079090307
6062520985	65.682455	-33.993332	438.74147	377.06867	24.767082	0	1	1966	0.0051499973
6062521011	65.905274	-34.106646	475.44672	354.0539	22.828913	0	1	1966	0.028895002
6062521284	65.776955	-34.1474	454.12158	346.11645	23.549151	0	1	1966	0.0083333161
6062522049	65.785931	-34.138789	455.62355	347.82467	23.546589	0	1	1966	0.015793018
6062522143	65.734425	-34.030991	447.29125	369.46206	24.587405	0	1	1966	0.040360317
6062522757	65.727693	-34.110759	446.03333	353.51895	24.361114	0	1	1966	0.027855892
6062524293	65.646161	-33.894421	432.88377	396.90005	23.333964	0	1	1966	0.011969686
6062524861	65.59028	-33.973412	423.48733	381.17508	24.705622	0	1	1966	0.0073890579
6062524901	65.670261	-34.059246	436.60951	363.90336	24.344747	0	1	1966	0.034826878
6062525118	65.763417	-33.924711	452.29333	390.67324	24.033719	0	1	1966	0.0093333134
6062525206	65.797	-34.019686	457.68418	371.62663	24.669997	0	1	1966	0.11661446
6062525644	65.750043	-34.082885	449.78506	359.06021	23.653134	0	1	1966	0.0069069918
6062527495	65.664493	-33.996307	435.75809	376.4987	22.02207	0	1	1966	0.060037263
6062528048	65.855569	-34.119712	467.18935	351.52657	22.76819	0	1	1966	0.046958052
6062528318	65.90098	-34.119384	474.7086	351.51413	24.27985	0	1	1966	0.0053930809
6062528330	65.641906	-33.953692	432.08165	385.052	23.438648	0	1	1966	0.016118487
6062529555	65.687653	-34.001084	439.59023	375.51103	24.46303	0	1	1966	0.008274246
6062532207	65.938915	-34.135593	480.95374	348.20468	24.04954	0	1	1966	0.0068665948
6062533285	65.846848	-34.205082	465.57348	334.46802	24.007829	0	1	1966	0.0054171062
6062535445	65.661719	-33.963583	435.35221	383.04703	22.925682	0	1	1966	0.014250349
6062537614	65.628262	-33.966632	429.79776	382.48221	24.52363	0	1	1966	0.017040525
6062539138	65.660634	-34.018941	435.08085	371.97726	24.803551	0	1	1966	0.015691679
6062540198	65.903697	-34.060899	475.28289	363.20566	23.811647	0	1	1966	0.028294511
6062541008	65.776884	-34.096351	454.20575	356.3259	23.515862	0	1	1966	0.043455109
6062545395	65.803258	-33.97881	458.80042	379.79149	22.731629	0	1	1966	0.013029173
6062546572	65.792852	-34.004397	457.0258	374.69094	20.614899	0	1	1966	0.014667634
6062547067	65.815658	-33.998418	460.81855	375.85014	24.411062	0	1	1966	0.23996499
6062548007	65.672823	-34.000239	437.13274	375.70073	24.191787	0	1	1966	0.007914016
6062552634	65.616472	-33.931482	427.89711	389.52727	24.406454	0	1	1966	0.0073889382
6062553816	65.682665	-33.983815	438.79244	378.97163	24.816058	0	1	1966	0.036712959
6062555417	65.702143	-34.12317	441.78124	351.07412	23.672483	0	1	1966	0.0081197489
6062557040	65.729375	-34.055404	446.41072	364.58716	24.364719	0	1	1966	0.028714703
6062562272	65.933086	-34.126569	480.00843	350.01992	23.794012	0	1	1966	0.011620014
6062582076	65.790957	-34.01082	456.69941	373.40932	24.810369	0	1	1966	0.0097376378
6062583099	65.797436	-33.94232	457.90494	387.09849	23.674054	0	1	1966	0.018443545
6062592180	65.665692	-33.960135	436.01705	383.73103	24.858915	0	1	1966	0.018156663
6062694960	65.765017	-34.097921	452.23744	356.03035	24.900175	0	1	1966	0.031497661
6063154783	65.817945	-34.047479	461.10164	366.03468	24.710628	0	1	1966	0.057254396
6063272171	65.785028	-33.956006	455.8204	384.38105	24.808865	0	1	1966	0.073769279
6063272549	65.793599	-34.137317	456.89566	348.10695	24.642661	0	1	1966	0.0070976
6063344489	65.84022	-34.071311	464.74506	361.23193	24.72727	0	1	1966	0.019431666
6077370266	65.726432	-34.078628	445.88185	359.9469	24.733861	0	1	1966	0.016223736
6077852148	65.699432	-34.010179	441.52748	373.67529	24.971414	0	1	1966	0.015420517
6077928152	65.60599	-33.99113	426.06564	377.61155	24.741478	0	1	1966	0.0092365881
6078575541	65.778073	-34.160482	454.282	343.4984	24.72181	0	1	1966	0.011249257
6079875193	65.773638	-33.924778	453.98938	390.64421	24.563537	0	1	1966	0.023252692
6080506919	65.630999	-34.05921	430.10438	363.96353	24.643546	0	1	1966	0.014435694
6081156455	65.901275	-34.069533	474.86329	361.48312	24.705837	0	1	1966	0.018240327
6081167965	65.616792	-34.116178	427.66127	352.58886	24.364974	0	1	1966	0.005530207