z_index  z  Dang[Mpc]  mass[Msun]  conc  r_trunc[Mpc]  r200[Mpc]  r200[deg]  ngal  mstar  alpha
0  0.02  83.6539  4.69291e+13  4.58938  2.21865  0.739552  0.50653  12.2792  12.9311  -1
1  0.03  123.979  4.73649e+13  4.57368  2.21865  0.739552  0.341778  12.3691  13.8175  -1
2  0.04  163.339  4.78092e+13  4.55812  2.21865  0.739552  0.259418  12.4607  14.4482  -1
3  0.05  201.762  4.82621e+13  4.5427  2.21865  0.739552  0.210015  12.5539  14.9443  -1
4  0.06  239.273  4.87237e+13  4.52741  2.21865  0.739552  0.177091  12.6486  15.3526  -1
5  0.07  275.896  4.91941e+13  4.51226  2.21865  0.739552  0.153584  12.745  15.7014  -1
6  0.08  311.656  4.96734e+13  4.49724  2.21865  0.739552  0.135961  12.843  16.0009  -1
7  0.09  346.576  5.01617e+13  4.48235  2.21865  0.739552  0.122262  12.9426  16.269  -1
8  0.1  380.677  5.0659e+13  4.46758  2.21865  0.739552  0.11131  13.0439  16.5065  -1
9  0.11  413.981  5.11654e+13  4.45294  2.21865  0.739552  0.102355  13.1468  16.7247  -1
10  0.12  446.509  5.1681e+13  4.43842  2.21865  0.739552  0.0948989  13.2514  16.9244  -1
11  0.13  478.281  5.22059e+13  4.42402  2.21865  0.739552  0.0885948  13.3576  17.1099  -1
12  0.14  509.316  5.27402e+13  4.40974  2.21865  0.739552  0.0831962  13.4655  17.2807  -1
13  0.15  539.634  5.3284e+13  4.39557  2.21865  0.739552  0.0785221  13.575  17.4388  -1
14  0.16  569.252  5.38373e+13  4.38152  2.21865  0.739552  0.0744365  13.6862  17.5842  -1
15  0.17  598.189  5.44002e+13  4.36758  2.21865  0.739552  0.0708358  13.7992  17.7235  -1
16  0.18  626.46  5.49728e+13  4.35375  2.21865  0.739552  0.0676391  13.9138  17.8549  -1
17  0.19  654.083  5.55552e+13  4.34003  2.21865  0.739552  0.0647826  14.0301  17.9785  -1
18  0.2  681.074  5.61475e+13  4.32642  2.21865  0.739552  0.0622152  14.1481  18.0972  -1
19  0.21  707.448  5.67497e+13  4.31291  2.21865  0.739552  0.0598958  14.2679  18.2095  -1
20  0.22  733.22  5.7362e+13  4.29951  2.21865  0.739552  0.0577905  14.3894  18.3168  -1
21  0.23  758.405  5.79843e+13  4.28621  2.21865  0.739552  0.0558714  14.5126  18.4198  -1
22  0.24  783.017  5.86169e+13  4.27301  2.21865  0.739552  0.0541152  14.6375  18.5173  -1
23  0.25  807.071  5.92598e+13  4.25991  2.21865  0.739552  0.0525025  14.7642  18.6125  -1
24  0.26  830.578  5.9913e+13  4.24691  2.21865  0.739552  0.0510165  14.8926  18.7045  -1
25  0.27  853.552  6.05767e+13  4.234  2.21865  0.739552  0.0496433  15.0228  18.793  -1
26  0.28  876.006  6.12509e+13  4.2212  2.21865  0.739552  0.0483709  15.1547  18.879  -1
27  0.29  897.953  6.19358e+13  4.20848  2.21865  0.739552  0.0471887  15.2884  18.9623  -1
28  0.3  919.403  6.26313e+13  4.19586  2.21865  0.739552  0.0460877  15.4239  19.0432  -1
29  0.31  940.369  6.33377e+13  4.18334  2.21865  0.739552  0.0450602  15.5611  19.1227  -1
30  0.32  960.861  6.40549e+13  4.1709  2.21865  0.739552  0.0440992  15.7002  19.2001  -1
31  0.33  980.891  6.4783e+13  4.15855  2.21865  0.739552  0.0431987  15.841  19.2755  -1
32  0.34  1000.47  6.55222e+13  4.1463  2.21865  0.739552  0.0423533  15.9836  19.3505  -1
33  0.35  1019.61  6.62725e+13  4.13413  2.21865  0.739552  0.0415584  16.128  19.4251  -1
34  0.36  1038.31  6.7034e+13  4.12205  2.21865  0.739552  0.0408097  16.2743  19.4969  -1
35  0.37  1056.6  6.78067e+13  4.11005  2.21865  0.739552  0.0401035  16.4223  19.5663  -1
36  0.38  1074.47  6.85909e+13  4.09814  2.21865  0.739552  0.0394364  16.5722  19.634  -1
37  0.39  1091.94  6.93864e+13  4.08631  2.21865  0.739552  0.0388055  16.7238  19.7008  -1
38  0.4  1109.01  7.01935e+13  4.07457  2.21865  0.739552  0.038208  16.8773  19.7668  -1
39  0.41  1125.71  7.10123e+13  4.0629  2.21865  0.739552  0.0376414  17.0326  19.8301  -1
40  0.42  1142.02  7.18427e+13  4.05132  2.21865  0.739552  0.0371037  17.1898  19.8925  -1
41  0.43  1157.97  7.26849e+13  4.03982  2.21865  0.739552  0.0365927  17.3488  19.9533  -1
42  0.44  1173.56  7.35389e+13  4.0284  2.21865  0.739552  0.0361067  17.5096  20.0143  -1
43  0.45  1188.79  7.4405e+13  4.01706  2.21865  0.739552  0.0356439  17.6723  20.0725  -1
44  0.46  1203.68  7.5283e+13  4.0058  2.21865  0.739552  0.035203  17.8369  20.1293  -1
45  0.47  1218.24  7.61731e+13  3.99461  2.21865  0.739552  0.0347824  18.0033  20.1858  -1
46  0.48  1232.46  7.70755e+13  3.9835  2.21865  0.739552  0.0343809  18.1716  20.2405  -1
47  0.49  1246.37  7.79901e+13  3.97246  2.21865  0.739552  0.0339974  18.3417  20.294  -1
48  0.5  1259.96  7.89171e+13  3.9615  2.21865  0.739552  0.0336307  18.5137  20.3459  -1
49  0.51  1273.24  7.98565e+13  3.95062  2.21865  0.739552  0.0332799  18.6876  20.398  -1
50  0.52  1286.21  8.08084e+13  3.9398  2.21865  0.739552  0.0329441  18.8634  20.4494  -1
51  0.53  1298.9  8.1773e+13  3.92906  2.21865  0.739552  0.0326224  19.041  20.4991  -1
52  0.54  1311.29  8.27502e+13  3.91839  2.21865  0.739552  0.032314  19.2206  20.5492  -1
53  0.55  1323.41  8.37402e+13  3.9078  2.21865  0.739552  0.0320183  19.402  20.5986  -1
54  0.56  1335.24  8.47431e+13  3.89727  2.21865  0.739552  0.0317345  19.5853  20.6485  -1
55  0.57  1346.81  8.57589e+13  3.88681  2.21865  0.739552  0.0314619  19.7706  20.6977  -1
56  0.58  1358.11  8.67877e+13  3.87643  2.21865  0.739552  0.0312002  19.9577  20.7473  -1
57  0.59  1369.15  8.78297e+13  3.86611  2.21865  0.739552  0.0309486  20.1468  20.7983  -1
58  0.6  1379.94  8.88848e+13  3.85586  2.21865  0.739552  0.0307066  20.3377  20.8478  -1
59  0.61  1390.48  8.99532e+13  3.84567  2.21865  0.739552  0.0304739  20.5306  20.8986  -1
60  0.62  1400.77  9.10349e+13  3.83555  2.21865  0.739552  0.0302499  20.7254  20.948  -1
61  0.63  1410.83  9.21301e+13  3.8255  2.21865  0.739552  0.0300343  20.9221  20.9967  -1
62  0.64  1420.65  9.32389e+13  3.81552  2.21865  0.739552  0.0298266  21.1208  21.0439  -1
63  0.65  1430.25  9.43612e+13  3.8056  2.21865  0.739552  0.0296265  21.3214  21.0897  -1
64  0.66  1439.62  9.54972e+13  3.79574  2.21865  0.739552  0.0294336  21.5239  21.1356  -1
65  0.67  1448.77  9.6647e+13  3.78595  2.21865  0.739552  0.0292476  21.7284  21.1812  -1
66  0.68  1457.71  9.78106e+13  3.77622  2.21865  0.739552  0.0290683  21.9348  21.2242  -1
67  0.69  1466.44  9.89881e+13  3.76655  2.21865  0.739552  0.0288952  22.1431  21.2688  -1
68  0.7  1474.97  1.0018e+14  3.75695  2.21865  0.739552  0.0287283  22.3535  21.3128  -1
69  0.71  1483.29  1.01385e+14  3.7474  2.21865  0.739552  0.0285671  22.5657  21.3562  -1
70  0.72  1491.41  1.02605e+14  3.73792  2.21865  0.739552  0.0284114  22.7799  21.3995  -1
71  0.73  1499.34  1.03839e+14  3.7285  2.21865  0.739552  0.0282611  22.9961  21.4411  -1
72  0.74  1507.09  1.05088e+14  3.71914  2.21865  0.739552  0.028116  23.2143  21.4852  -1
73  0.75  1514.64  1.06351e+14  3.70983  2.21865  0.739552  0.0279757  23.4344  21.5304  -1
74  0.76  1522.02  1.07628e+14  3.70059  2.21865  0.739552  0.0278401  23.6565  21.578  -1
75  0.77  1529.22  1.0892e+14  3.6914  2.21865  0.739552  0.0277091  23.8806  21.6277  -1
76  0.78  1536.24  1.10227e+14  3.68227  2.21865  0.739552  0.0275824  24.1066  21.6773  -1
77  0.79  1543.09  1.11548e+14  3.6732  2.21865  0.739552  0.0274599  24.3346  21.7258  -1
78  0.8  1549.78  1.12885e+14  3.66419  2.21865  0.739552  0.0273415  24.5647  21.7746  -1
79  0.81  1556.3  1.14236e+14  3.65523  2.21865  0.739552  0.0272269  24.7967  21.8229  -1
80  0.82  1562.66  1.15602e+14  3.64633  2.21865  0.739552  0.0271161  25.0307  21.8707  -1
81  0.83  1568.86  1.16984e+14  3.63748  2.21865  0.739552  0.0270088  25.2666  21.9188  -1
82  0.84  1574.91  1.1838e+14  3.62869  2.21865  0.739552  0.0269051  25.5046  21.9655  -1
83  0.85  1580.81  1.19792e+14  3.61995  2.21865  0.739552  0.0268047  25.7446  22.012  -1
84  0.86  1586.56  1.21219e+14  3.61127  2.21865  0.739552  0.0267076  25.9866  22.0595  -1
85  0.87  1592.16  1.22662e+14  3.60264  2.21865  0.739552  0.0266136  26.2306  22.108  -1
86  0.88  1597.63  1.2412e+14  3.59406  2.21865  0.739552  0.0265226  26.4767  22.1558  -1
87  0.89  1602.95  1.25594e+14  3.58554  2.21865  0.739552  0.0264345  26.7247  22.2013  -1
88  0.9  1608.14  1.27083e+14  3.57706  2.21865  0.739552  0.0263492  26.9748  22.2463  -1
89  0.91  1613.19  1.28588e+14  3.56864  2.21865  0.739552  0.0262667  27.2268  22.2913  -1
90  0.92  1618.11  1.30109e+14  3.56027  2.21865  0.739552  0.0261868  27.4809  22.3359  -1
91  0.93  1622.9  1.31646e+14  3.55195  2.21865  0.739552  0.0261095  27.7371  22.3789  -1
92  0.94  1627.57  1.33199e+14  3.54369  2.21865  0.739552  0.0260346  27.9952  22.4215  -1
93  0.95  1632.11  1.34768e+14  3.53547  2.21865  0.739552  0.0259622  28.2554  22.4626  -1
94  0.96  1636.54  1.36353e+14  3.5273  2.21865  0.739552  0.025892  28.5177  22.5023  -1
95  0.97  1640.84  1.37954e+14  3.51918  2.21865  0.739552  0.0258241  28.7819  22.5415  -1
96  0.98  1645.03  1.39572e+14  3.51111  2.21865  0.739552  0.0257584  29.0482  22.5803  -1
97  0.99  1649.1  1.41206e+14  3.50308  2.21865  0.739552  0.0256948  29.3166  22.6196  -1
98  1  1653.06  1.42857e+14  3.49511  2.21865  0.739552  0.0256332  29.587  22.6595  -1
99  1.01  1656.91  1.44524e+14  3.48718  2.21865  0.739552  0.0255736  29.8595  22.6998  -1
100  1.02  1660.65  1.46208e+14  3.4793  2.21865  0.739552  0.025516  30.134  22.741  -1
101  1.03  1664.29  1.47909e+14  3.47147  2.21865  0.739552  0.0254602  30.4106  22.7825  -1
102  1.04  1667.82  1.49627e+14  3.46368  2.21865  0.739552  0.0254063  30.6892  22.8248  -1
103  1.05  1671.26  1.51361e+14  3.45594  2.21865  0.739552  0.0253541  30.9699  22.8665  -1
104  1.06  1674.59  1.53113e+14  3.44824  2.21865  0.739552  0.0253036  31.2527  22.909  -1
105  1.07  1677.83  1.54881e+14  3.44059  2.21865  0.739552  0.0252548  31.5375  22.9514  -1
106  1.08  1680.97  1.56667e+14  3.43299  2.21865  0.739552  0.0252076  31.8244  22.9928  -1
107  1.09  1684.01  1.5847e+14  3.42542  2.21865  0.739552  0.025162  32.1134  23.0348  -1
108  1.1  1686.97  1.6029e+14  3.41791  2.21865  0.739552  0.0251179  32.4045  23.0763  -1
109  1.11  1689.83  1.62128e+14  3.41043  2.21865  0.739552  0.0250754  32.6977  23.1151  -1
110  1.12  1692.61  1.63983e+14  3.403  2.21865  0.739552  0.0250342  32.9929  23.1513  -1
111  1.13  1695.3  1.65856e+14  3.39561  2.21865  0.739552  0.0249945  33.2902  23.1842  -1
112  1.14  1697.9  1.67747e+14  3.38827  2.21865  0.739552  0.0249562  33.5896  23.2171  -1
113  1.15  1700.42  1.69655e+14  3.38097  2.21865  0.739552  0.0249192  33.8911  23.2485  -1
114  1.16  1702.86  1.71581e+14  3.37371  2.21865  0.739552  0.0248835  34.1947  23.2821  -1
115  1.17  1705.22  1.73525e+14  3.36649  2.21865  0.739552  0.0248491  34.5005  23.3157  -1
116  1.18  1707.5  1.75487e+14  3.35931  2.21865  0.739552  0.0248159  34.8083  23.3487  -1
117  1.19  1709.71  1.77467e+14  3.35217  2.21865  0.739552  0.0247839  35.1182  23.3803  -1
118  1.2  1711.83  1.79465e+14  3.34507  2.21865  0.739552  0.0247531  35.4302  23.4116  -1
119  1.21  1713.89  1.81482e+14  3.33802  2.21865  0.739552  0.0247234  35.7443  23.4426  -1
120  1.22  1715.87  1.83517e+14  3.331  2.21865  0.739552  0.0246949  36.0606  23.4753  -1
121  1.23  1717.78  1.8557e+14  3.32402  2.21865  0.739552  0.0246674  36.3789  23.5068  -1
122  1.24  1719.62  1.87642e+14  3.31709  2.21865  0.739552  0.024641  36.6994  23.5381  -1
123  1.25  1721.39  1.89732e+14  3.31019  2.21865  0.739552  0.0246157  37.022  23.5675  -1
124  1.26  1723.09  1.91841e+14  3.30333  2.21865  0.739552  0.0245914  37.3467  23.596  -1
125  1.27  1724.73  1.93969e+14  3.29651  2.21865  0.739552  0.024568  37.6736  23.623  -1
126  1.28  1726.3  1.96115e+14  3.28972  2.21865  0.739552  0.0245457  38.0026  23.651  -1
127  1.29  1727.81  1.98281e+14  3.28298  2.21865  0.739552  0.0245242  38.3337  23.6784  -1
128  1.3  1729.26  2.00465e+14  3.27627  2.21865  0.739552  0.0245037  38.6669  23.7059  -1
129  1.31  1730.64  2.02669e+14  3.26959  2.21865  0.739552  0.0244841  39.0023  23.7338  -1
130  1.32  1731.97  2.04892e+14  3.26296  2.21865  0.739552  0.0244654  39.3399  23.7613  -1
131  1.33  1733.23  2.07134e+14  3.25636  2.21865  0.739552  0.0244475  39.6795  23.7869  -1
132  1.34  1734.44  2.09395e+14  3.2498  2.21865  0.739552  0.0244305  40.0214  23.8119  -1
133  1.35  1735.59  2.11676e+14  3.24327  2.21865  0.739552  0.0244142  40.3653  23.8366  -1
134  1.36  1736.69  2.13976e+14  3.23678  2.21865  0.739552  0.0243988  40.7115  23.8612  -1
135  1.37  1737.73  2.16296e+14  3.23033  2.21865  0.739552  0.0243842  41.0598  23.8857  -1
136  1.38  1738.72  2.18635e+14  3.22391  2.21865  0.739552  0.0243704  41.4102  23.9109  -1
137  1.39  1739.65  2.20994e+14  3.21752  2.21865  0.739552  0.0243573  41.7628  23.9356  -1
138  1.4  1740.54  2.23373e+14  3.21117  2.21865  0.739552  0.0243449  42.1176  23.9613  -1
139  1.41  1741.37  2.25772e+14  3.20485  2.21865  0.739552  0.0243332  42.4745  23.9874  -1
140  1.42  1742.15  2.28191e+14  3.19857  2.21865  0.739552  0.0243223  42.8336  24.0145  -1
141  1.43  1742.89  2.3063e+14  3.19232  2.21865  0.739552  0.024312  43.1949  24.042  -1
142  1.44  1743.58  2.33089e+14  3.1861  2.21865  0.739552  0.0243024  43.5583  24.07  -1
143  1.45  1744.22  2.35569e+14  3.17992  2.21865  0.739552  0.0242935  43.9239  24.0983  -1
144  1.46  1744.81  2.38068e+14  3.17377  2.21865  0.739552  0.0242852  44.2917  24.1261  -1
145  1.47  1745.36  2.40588e+14  3.16765  2.21865  0.739552  0.0242776  44.6617  24.1541  -1
146  1.48  1745.87  2.43129e+14  3.16157  2.21865  0.739552  0.0242705  45.0339  24.183  -1
147  1.49  1746.33  2.4569e+14  3.15552  2.21865  0.739552  0.0242641  45.4083  24.2113  -1
148  1.5  1746.75  2.48272e+14  3.14949  2.21865  0.739552  0.0242583  45.7848  24.2406  -1
149  1.51  1747.13  2.50874e+14  3.1435  2.21865  0.739552  0.024253  46.1636  24.2695  -1
150  1.52  1747.47  2.53498e+14  3.13755  2.21865  0.739552  0.0242484  46.5445  24.2983  -1
151  1.53  1747.76  2.56142e+14  3.13162  2.21865  0.739552  0.0242442  46.9276  24.3267  -1
152  1.54  1748.02  2.58807e+14  3.12572  2.21865  0.739552  0.0242407  47.313  24.3548  -1
153  1.55  1748.24  2.61494e+14  3.11986  2.21865  0.739552  0.0242376  47.7005  24.3841  -1
154  1.56  1748.42  2.64201e+14  3.11402  2.21865  0.739552  0.0242351  48.0903  24.4122  -1
155  1.57  1748.56  2.6693e+14  3.10822  2.21865  0.739552  0.0242332  48.4822  24.4398  -1
156  1.58  1748.67  2.6968e+14  3.10244  2.21865  0.739552  0.0242317  48.8764  24.4678  -1
157  1.59  1748.74  2.72451e+14  3.0967  2.21865  0.739552  0.0242307  49.2728  24.4926  -1
158  1.6  1748.78  2.75244e+14  3.09098  2.21865  0.739552  0.0242302  49.6714  24.5165  -1
159  1.61  1748.78  2.78059e+14  3.0853  2.21865  0.739552  0.0242302  50.0722  24.5394  -1
160  1.62  1748.75  2.80895e+14  3.07964  2.21865  0.739552  0.0242306  50.4752  24.5611  -1
161  1.63  1748.68  2.83753e+14  3.07401  2.21865  0.739552  0.0242315  50.8805  24.5836  -1
162  1.64  1748.58  2.86632e+14  3.06841  2.21865  0.739552  0.0242329  51.288  24.6069  -1
163  1.65  1748.45  2.89534e+14  3.06284  2.21865  0.739552  0.0242347  51.6977  24.6301  -1
164  1.66  1748.29  2.92458e+14  3.05729  2.21865  0.739552  0.0242369  52.1097  24.6547  -1
165  1.67  1748.1  2.95403e+14  3.05178  2.21865  0.739552  0.0242396  52.5239  24.6807  -1
166  1.68  1747.88  2.98371e+14  3.04629  2.21865  0.739552  0.0242427  52.9403  24.7065  -1
167  1.69  1747.62  3.01361e+14  3.04083  2.21865  0.739552  0.0242462  53.359  24.733  -1
168  1.7  1747.34  3.04373e+14  3.03539  2.21865  0.739552  0.0242501  53.7799  24.7593  -1
169  1.71  1747.03  3.07408e+14  3.02999  2.21865  0.739552  0.0242544  54.203  24.7855  -1
170  1.72  1746.7  3.10465e+14  3.02461  2.21865  0.739552  0.024259  54.6284  24.812  -1
171  1.73  1746.33  3.13545e+14  3.01926  2.21865  0.739552  0.0242641  55.0561  24.8389  -1
172  1.74  1745.94  3.16647e+14  3.01393  2.21865  0.739552  0.0242696  55.486  24.8663  -1
173  1.75  1745.52  3.19772e+14  3.00863  2.21865  0.739552  0.0242754  55.9182  24.8933  -1
174  1.76  1745.08  3.2292e+14  3.00336  2.21865  0.739552  0.0242816  56.3526  24.922  -1
175  1.77  1744.61  3.26091e+14  2.99811  2.21865  0.739552  0.0242881  56.7893  24.9491  -1
176  1.78  1744.11  3.29285e+14  2.99289  2.21865  0.739552  0.024295  57.2283  24.9769  -1
177  1.79  1743.59  3.32502e+14  2.98769  2.21865  0.739552  0.0243022  57.6695  25.0029  -1
178  1.8  1743.05  3.35742e+14  2.98252  2.21865  0.739552  0.0243098  58.113  25.0287  -1
179  1.81  1742.49  3.39005e+14  2.97737  2.21865  0.739552  0.0243177  58.5587  25.0533  -1
180  1.82  1741.9  3.42292e+14  2.97225  2.21865  0.739552  0.0243259  59.0068  25.0782  -1
181  1.83  1741.28  3.45602e+14  2.96715  2.21865  0.739552  0.0243344  59.4571  25.1027  -1
182  1.84  1740.65  3.48935e+14  2.96208  2.21865  0.739552  0.0243433  59.9097  25.1255  -1
183  1.85  1739.99  3.52292e+14  2.95703  2.21865  0.739552  0.0243525  60.3645  25.1495  -1
184  1.86  1739.32  3.55673e+14  2.95201  2.21865  0.739552  0.024362  60.8217  25.1726  -1
185  1.87  1738.62  3.59077e+14  2.94701  2.21865  0.739552  0.0243717  61.2811  25.1963  -1
186  1.88  1737.9  3.62505e+14  2.94203  2.21865  0.739552  0.0243818  61.7429  25.2211  -1
187  1.89  1737.16  3.65957e+14  2.93708  2.21865  0.739552  0.0243922  62.2069  25.2471  -1
188  1.9  1736.4  3.69433e+14  2.93215  2.21865  0.739552  0.0244028  62.6732  25.2727  -1
189  1.91  1735.63  3.72933e+14  2.92724  2.21865  0.739552  0.0244138  63.1418  25.2993  -1
190  1.92  1734.83  3.76457e+14  2.92236  2.21865  0.739552  0.024425  63.6128  25.3235  -1
191  1.93  1734.01  3.80006e+14  2.9175  2.21865  0.739552  0.0244365  64.086  25.3485  -1
192  1.94  1733.18  3.83579e+14  2.91267  2.21865  0.739552  0.0244482  64.5615  25.3707  -1
193  1.95  1732.33  3.87176e+14  2.90785  2.21865  0.739552  0.0244602  65.0393  25.3922  -1
194  1.96  1731.46  3.90797e+14  2.90306  2.21865  0.739552  0.0244725  65.5195  25.4115  -1
195  1.97  1730.57  3.94443e+14  2.89829  2.21865  0.739552  0.024485  66.0019  25.4318  -1
196  1.98  1729.67  3.98114e+14  2.89355  2.21865  0.739552  0.0244978  66.4867  25.45  -1
197  1.99  1728.75  4.0181e+14  2.88882  2.21865  0.739552  0.0245109  66.9738  25.4669  -1
198  2  1727.82  4.0553e+14  2.88412  2.21865  0.739552  0.0245241  67.4632  25.4806  -1
199  2.01  1726.86  4.09275e+14  2.87944  2.21865  0.739552  0.0245376  67.9549  25.4907  -1
200  2.02  1725.9  4.13045e+14  2.87478  2.21865  0.739552  0.0245514  68.4489  25.5004  -1
201  2.03  1724.91  4.1684e+14  2.87014  2.21865  0.739552  0.0245654  68.9453  25.5099  -1
202  2.04  1723.92  4.20661e+14  2.86552  2.21865  0.739552  0.0245796  69.444  25.5202  -1
203  2.05  1722.91  4.24506e+14  2.86092  2.21865  0.739552  0.024594  69.9451  25.5297  -1
204  2.06  1721.88  4.28377e+14  2.85635  2.21865  0.739552  0.0246087  70.4484  25.538  -1
205  2.07  1720.84  4.32273e+14  2.85179  2.21865  0.739552  0.0246236  70.9542  25.5477  -1
206  2.08  1719.78  4.36195e+14  2.84726  2.21865  0.739552  0.0246387  71.4622  25.5572  -1
207  2.09  1718.72  4.40142e+14  2.84275  2.21865  0.739552  0.024654  71.9726  25.5682  -1
208  2.1  1717.64  4.44115e+14  2.83825  2.21865  0.739552  0.0246695  72.4853  25.5782  -1
209  2.11  1716.54  4.48114e+14  2.83378  2.21865  0.739552  0.0246852  73.0004  25.5893  -1
210  2.12  1715.44  4.52138e+14  2.82933  2.21865  0.739552  0.0247011  73.5179  25.6004  -1
211  2.13  1714.32  4.56188e+14  2.82489  2.21865  0.739552  0.0247172  74.0376  25.6116  -1
212  2.14  1713.19  4.60265e+14  2.82048  2.21865  0.739552  0.0247336  74.5598  25.6227  -1
213  2.15  1712.04  4.64367e+14  2.81609  2.21865  0.739552  0.0247501  75.0843  25.6338  -1
214  2.16  1710.89  4.68495e+14  2.81171  2.21865  0.739552  0.0247668  75.6111  25.6449  -1
215  2.17  1709.72  4.7265e+14  2.80736  2.21865  0.739552  0.0247837  76.1404  25.656  -1
216  2.18  1708.54  4.76831e+14  2.80302  2.21865  0.739552  0.0248008  76.6719  25.6671  -1
217  2.19  1707.36  4.81038e+14  2.79871  2.21865  0.739552  0.024818  77.2059  25.6782  -1
218  2.2  1706.16  4.85272e+14  2.79441  2.21865  0.739552  0.0248355  77.7422  25.6893  -1
